"1" "3964" "4145" "27/06/2021"
